test;csv;template
